7189
9873
9380
831
8623
12631
7007
9044
4345
13495
13021
7094
16175
17289
12105
13483
963
6403
8269
12637
6070
6853
9180
14418
13323
8906
6776
4774
9578
7906
17305
18140
12002
914
13887
12233
6212
4799
14757
15838
5390
11395
283
10241
8494
5353
1905
14919
5708
321
16116
18101
9226
19060
6600
2847
17527
13131
7659
9265
11247
7786
12066
3464
8776
7672
16438
13918
19706
8980
7293
5816
4261
13665
877
14055
16823
11368
19924
5489
1685
4647
437
11058
19158
3164
11649
18430
10156
2432
2258
5772
17374
12768
16093
7279
11207
14059
10299
11088
18504
1973
19207
197
2313
1248
16977
17017
10716
11666
2162
2189
2902
2354
17310
8272
10579
29
6734
18943
2874
6815
5559
14340
12828
13247
3198
13146
13617
2110
14361
12067
2631
8708
720
13319
1520
13212
16380
734
10354
10706
245
15144
3992
14540
8440
9630
8825
18645
9887
15291
7973
14408
18170
18137
13101
7744
2822
17748
10953
11987
13141
8307
2736
2235
17678
12648
4489
6750
12509
9935
6542
1070
1425
7597
216
429
1156
18145
9857
16126
14766
11500
18366
11469
6329
3458
4312
2903
26
10896
18785
1976
16781
14382
93
3730
11549
18777
14443
17178
4412
12479
712
3468
8577
15922
7456
17370
8411
19954
264
17712
10652
4727
7595
2374
1895
19721
3204
13496
15501
15524
13310
8488
1046
7991
6604
2496
19428
5419
15238
17938
16762
19348
4918
6730
202
9617
2221
837
8786
4320
17258
16765
2454
5247
9824
9631
2353
19470
17146
2418
5559
7691
11349
6059
7330
9962
4790
15960
14035
19418
11349
599
19857
4645
1843
7817
10427
11303
1646
4428
6483
3632
8674
14777
10702
16464
19844
13869
10814
18374
4130
690
2138
16583
10349
7350
2648
4243
7801
9672
3714
737
7880
14852
9619
5604
4790
11810
9002
16728
3488
19866
11333
13401
12975
1361
11555
14907
13068
13842
16014
15228
12774
7457
12803
4508
8380
3148
19643
17910
19413
17312
12436
2468
10559
8516
7597
2582
17692
11918
1303
14763
6132
17001
18789
12266
19248
14255
16795
10230
5538
6431
12313
11949
2321
9989
740
6901
4140
2363
16580
1163
14025
678
19795
10827
5737
7531
962
19058
15103
9473
8331
7405
8587
3806
9930
1989
7204
19325
13828
5210
13919
6641
19695
13583
2641
3682
4766
12322
16948
12032
17351
7327
16660
9699
1011
5154
392
15967
2514
1641
2205
13935
6713
9776
10486
6379
11460
7457
7181
10560
5688
15751
15500
7600
3772
8297
14226
12058
19317
2456
6752
17316
11473
12852
2969
2426
6929
17916
2127
16015
10675
61
14802
2885
8698
10125
12088
8945
15709
16683
140
10074
11031
10881
8196
565
15778
7387
8193
6760
14456
12112
14124
1500
14088
17315
19226
5037
4017
14702
19169
7991
9492
7174
19326
2031
2164
9821
14277
13851
631
806
17670
8106
4140
12753
10548
14915
12575
5269
6288
7559
15874
9224
258
5997
5962
3414
2330
11832
14373
14230
372
10341
8639
18963
12832
5208
10611
3364
18562
1572
9805
14088
1980
3021
14921
16647
1720
18155
16647
19490
877
2352
4882
14853
6976
10343
13486
16975
19806
5238
15713
8339
15212
19629
3414
14533
3001
14372
13165
18374
7076
10706
12434
13917
5909
1307
8907
10964
1503
15915
16105
10718
14953
7158
18419
3182
16726
12197
8678
6949
9803
15808
1384
1997
13792
10549
14739
16116
8139
19607
4577
15599
2579
17977
3348
804
12918
17579
7255
17233
10312
11950
4684
2746
2135
6124
9050
1521
12577
7346
9179
5410
1096
2218
355
13292
6838
15918
9161
9069
17177
19121
15223
8912
8453
18234
3002
18388
17094
14577
6748
10109
9186
8139
1744
2494
6666
11519
4962
10305
18227
9703
18255
7558
13083
11270
17222
13442
5706
6679
18856
1873
9669
19246
11104
5308
8709
4450
17473
13432
3148
3165
19793
17368
19791
4487
12272
6
3414
3739
9968
3094
17996
11302
4797
11719
15789
17890
12203
6787
2371
11898
1619
6135
15796
14442
13847
4910
7979
7722
18467
15823
6419
2330
14421
19915
4416
19125
6876
8450
17872
11305
3508
6572
16832
2305
3324
19344
9865
5130
1143
10792
9436
18768
874
16585
16365
7290
701
965
11522
17277
3312
18575
12868
19190
14291
11777
5978
8307
1793
4120
6160
10863
646
548
304
10998
13977
15006
6583
4168
15513
16050
129
12607
5668
11080
2806
8499
4543
19846
5222
462
14963
17824
19082
8981
18684
109
8015
6414
18883
6436
15018
7182
12068
17957
14610
3792
2520
6408
7845
14304
2406
6275
8302
16857
10675
10603
17174
16901
13874
1049
15589
2750
1998
12833
12271
15070
2507
5188
14693
5949
5631
17941
1817
13157
4089
4859
6571
5224
347
4372
6173
2966
4542
18308
8432
13085
16192
19257
12151
19456
12820
17196
9755
7740
18622
5991
10275
8944
16293
418
10802
17543
15148
4304
14548
9811
18648
438
3632
17954
4475
2850
4718
5706
268
2116
15623
984
8142
4277
11041
11245
1132
14034
15480
17156
4663
2809
1554
10217
6200
12326
1757
9951
6169
14320
11831
6288
13307
17004
13867
2768
17544
18918
17253
6199
3551
789
5602
18371
18073
16019
7777
15477
14185
10436
1148
10847
5577
11925
5195
6630
14008
567
13598
10053
3054
19907
2907
19858
1255
19991
5969
18579
7822
12774
8178
16248
3987
10542
14721
1189
3159
7962
6912
3485
2982
18399
15766
6785
12442
5103
10911
14047
17127
17918
12989
2854
15788
16109
7647
15918
11306
7960
9262
2420
9199
7745
12519
15780
6795
717
19958
3504
6195
16715
3629
14727
14147
3044
8969
1071
1961
17230
19039
16458
8587
10283
7222
11482
19983
1094
16541
7987
7899
12593
13690
9455
1193
10281
15923
12847
12821
13779
18916
17510
15607
2008
3731
16785
9932
2619
11016
7926
16464
6318
539
5974
17045
16690
4211
17194
16873
16159
10710
17712
11096
18703
9827
12969
8945
9956
14666
3624
18533
5320
9821
13524
5440
6697
3651
5368
8213
8496
12791
19701
3906
13505
16999
2838
6785
9293
12496
19370
13319
5720
1895
14862
16586
4221
8867
4373
3222
19472
15646
12415
16027
4055
11527
19987
15369
16766
10444
4310
2491
5171
5802
6868
17866
3055
631
15411
17714
13370
1242
15513
1806
17321
12466
17334
15682
209
2632
13204
415
14652
16390
11644
13023
11824
3510
3468
10692
1318
1791
5567
1891
10267
2183
18027
17546
2354
14273
186
5363
7324
239
1254
443
1633
15415
11148
15324
10850
3569
7122
2540
14448
5045
1866
12864
3595
5875
8659
2329
12587
5997
9223
11165
14532
14693
19901
7778
1915
11384
1773
889
2684
19903
10349
12968
12449
14360
10448
18074
13455
4748
11913
17241
935
385
11755
14522
7457
19348
18376
6831
5929
1993
3486
10689
1836
16715
17338
19014
15377
16054
12915
11076
4102
11273
14675
8740
6687
3546
17506
2122
18458
19866
11489
17782
19312
11812
18115
12590
4627
5281
13563
6370
19825
19334
4688
16463
9178
2260
13312
7333
19501
2993
14474
18330
9358
6014
4240
2745
4392
7838
2718
1279
9419
3245
7886
3056
17905
19348
5870
17288
9445
5653
13287
8743
15881
18201
17289
114
6679
5959
8923
14441
14176
17539
15440
684
9354
16417
7172
15592
8732
2732
4603
4987
3022
9829
1266
17580
8164
13644
8075
14462
9376
3065
14741
7373
18829
9401
13870
8893
17586
3072
3392
7666
2413
15654
12927
11795
8119
15396
9726
13518
6002
14345
9808
18306
9076
15192
9913
11494
4664
15974
5905
5580
5013
745
13242
1309
16527
14363
15141
5675
18271
9483
14071
19962
10352
3923
12175
944
2807
16491
16283
8381
5621
19420
13103
1926
10516
15529
10240
566
5107
18236
8662
7738
10070
2547
2231
15222
19953
5143
9934
8962
18231
1701
16430
9907
7254
19560
6547
13040
3694
13868
9347
17669
133
5325
17382
12161
3403
7661
16782
6187
10316
2957
13772
13654
11389
12947
13276
19412
3216
4422
15206
12879
90
16859
4069
1708
5507
10402
17534
8613
14185
2316
9548
4491
5205
10054
13668
948
16920
9035
2200
15374
4241
3284
6788
11675
8934
17047
16071
9801
3546
5505
16041
7178
19592
12717
8713
5191
625
14909
14748
3823
10808
17251
15640
17583
19633
2225
1105
15852
13377
17722
17282
768
13959
2993
1386
5769
15798
577
18432
7935
1301
12324
5647
17234
5612
7657
209
15812
11243
2169
15930
10451
3217
14713
4505
11304
5335
1080
6964
61
8208
12418
10936
635
9669
16483
19368
15532
18197
9887
6301
989
19962
19434
5357
4049
145
689
6532
14650
19126
11894
6944
15903
14190
11365
11146
5642
7355
16489
6640
12388
9973
12445
10201
18869
4697
8778
10661
16183
15469
11956
3747
1762
6134
12015
4630
4248
18314
11447
13779
8408
9161
14421
1779
3214
19629
4501
8694
6204
13863
8944
3654
7272
357
17748
237
4985
15493
15527
13316
18566
83
14385
12961
8673
9550
5874
1047
10083
8365
189
6176
9417
9361
10712
2548
11038
8564
12032
8403
4227
16152
9564
9651
14776
14169
8900
4331
14124
1631
3006
13510
9152
17628
5404
14260
5773
3067
7440
317
9428
11671
7799
6069
15629
10863
12354
19493
13660
3148
12500
19654
16572
8640
91
4402
589
19344
7095
3892
7054
5812
8114
5546
10036
6820
13863
6088
2734
2664
13770
16273
5786
2730
15786
13933
10624
7930
1558
10977
985
18659
5070
9951
5723
8873
12894
15802
6024
16942
14157
18458
10165
13862
18374
11849
18936
19500
9241
5012
14854
7449
12543
10873
18283
9163
6284
8366
3606
17950
11162
3488
18547
3499
9532
4924
19792
17519
10965
19873
8020
1146
12531
5689
15475
14730
11936
2972
9199
634
1640
5723
3055
19654
2067
14200
1669
11716
2052
6092
9404
1436
4627
11641
7502
19199
6301
8328
12512
18372
7924
758
19140
19266
5288
1373
626
492
17576
17591
9792
8312
1788
1040
13886
4635
11272
4462
6320
4263
6472
1961
8473
2024
16040
18176
4633
410
16417
2042
3246
18350
8013
10730
7573
11738
16124
19418
8883
6348
14691
2509
5312
13751
1038
1903
19519
10872
19713
7991
18238
13800
3555
8944
6891
6478
10114
13957
2346
14912
1544
6072
16978
7499
6100
10183
17132
12121
9362
11864
9138
10623
13308
12650
15978
1292
11366
17383
17752
9974
17570
19248
19048
449
17933
18141
16362
4686
2185
17973
8675
3608
3973
18549
4318
18986
7679
7638
7255
7099
9946
8869
15908
14767
14074
11069
17634
8399
5375
14669
12008
16670
5650
813
6000
17457
14866
18776
14216
9660
18215
17338
7277
525
6620
15725
1502
9106
8868
19740
13007
16481
3449
18721
9334
3356
8264
8941
1751
5665
16294
19081
11334
8818
15383
3395
11973
11198
238
18197
3408
17539
14791
7293
17432
12817
13024
11983
10390
17277
16409
11260
5075
13203
16067
7830
15184
4089
17778
5568
15423
16804
17974
14060
10405
7399
8825
5827
5465
1166
557
1878
12514
7583
19125
11199
14050
764
7349
19825
18467
6044
7672
15094
9773
3324
14620
732
4849
7792
15141
8377
1370
18658
4893
1173
9517
16520
18656
15067
10604
19985
2957
13417
15741
2182
9053
548
7662
17767
14387
9882
18845
1076
10648
12261
9040
6029
6557
89
15345
8416
3501
12919
17936
1192
12153
113
14593
3411
8182
6199
7139
13403
15197
14538
12916
6848
13039
14953
4425
10355
19552
10910
10257
11166
3958
11909
438
13626
19946
6687
9313
3034
16633
2871
19091
7498
15483
8698
17182
18430
11335
2429
10449
289
5661
5090
9495
10219
10168
2153
6121
18182
8884
9787
17065
8234
16842
11306
17158
11551
3486
19437
15022
11848
18937
10036
14431
13790
11234
2869
14456
15057
12669
15091
11531
12643
3356
3047
16556
4057
10153
18014
10159
14026
9049
11519
9254
7322
9171
15848
8011
18364
6496
15375
6362
18182
5437
14340
9174
9411
16384
16694
9212
9899
7365
3644
17014
15585
17918
4506
10803
3251
13330
6524
9569
3790
7336
19236
2434
6602
11436
19056
17437
5748
18925
9662
2849
8488
1782
3834
4166
16826
8536
2366
9875
2689
1229
15670
9148
7363
19605
3693
14566
5812
10661
19797
13010
6502
11660
14193
17841
7365
4756
2576
5498
18513
11341
15584
9625
12339
4247
14696
15875
11624
5918
10203
10491
16281
10691
6876
5809
19349
19301
12954
15798
12879
3734
18073
4763
14317
10562
15769
2335
14032
874
16177
7883
14595
14943
4553
17458
2437
19731
11226
16398
2523
7381
8645
10734
16658
2808
1097
498
16041
8515
2764
8079
8713
4760
9715
4735
12510
13205
1469
8401
14146
2159
17757
15907
5051
1552
6104
2738
14605
5758
5853
13453
11364
12403
4260
15901
12926
15259
10290
2341
15059
19379
1722
10613
704
16576
11213
8460
19489
9382
6923
14150
18376
1604
13334
16507
14068
3612
7899
7482
7796
10479
19127
10386
13111
1087
1742
16915
17316
16351
14538
16089
7152
4654
16551
8228
19364
12645
7183
7093
6778
9506
5887
3317
516
2825
17055
12247
18955
14197
15725
19332
4083
12667
19726
6166
15856
14161
3908
10324
5186
5014
2049
2118
16191
17723
12100
11380
18329
17052
10361
7418
19033
4617
10239
5261
17485
68
11190
1315
10146
7002
13491
11555
8668
1721
4451
15388
815
12976
11699
18302
15015
10804
9156
16429
19174
12594
11342
16146
14364
4510
1614
11841
14031
6381
9985
14970
9326
18200
6134
17525
11200
16348
3234
3041
9874
17667
18229
8270
2328
19511
4183
8645
8412
13901
317
10647
6221
3902
15377
4231
7355
356
9930
18395
2676
7088
13256
13053
19210
12714
408
10315
18803
17182
5115
18308
19154
11154
14111
10660
7861
16368
18553
14776
10106
5111
8117
12025
582
6905
3427
2965
316
551
12423
737
8995
19652
6304
5745
13430
9729
659
4749
2764
5076
17421
7497
11080
3455
13275
4025
18006
6774
10125
15744
7956
5866
13260
3437
18627
17487
12841
5301
19383
11683
14334
8150
10144
17613
13512
4907
1405
5986
1654
1515
6018
16224
16562
6375
3355
6471
5023
5462
6478
14583
12344
16221
12941
8219
4582
3385
9854
12158
19093
9818
13820
10964
9025
5540
16398
15138
17383
8025
15678
8856
6292
16927
4623
7449
17075
16333
16802
2726
6779
7688
117
4271
16774
6506
19169
14853
19040
5995
16884
8049
15782
722
16016
6231
17985
13439
11163
7015
18547
18208
11918
16331
5592
2922
7764
16198
11621
4388
15372
5369
4099
19050
18890
941
13110
2521
3871
19072
1718
1018
15465
2922
14631
7839
1480
15944
10831
8005
10967
8660
15759
4191
8920
17028
18698
7066
17753
540
10985
3182
6141
18175
10656
3516
15887
10321
9169
5813
7404
4808
5822
13829
14468
15158
5489
6625
8853
9192
5300
1021
5462
16113
5899
335
8603
10191
12883
12545
10022
19172
4080
10980
19309
15543
8253
682
17324
18764
10892
3557
13248
6617
12687
5430
15892
3768
16329
18159
19897
5686
7258
19893
17427
6039
3972
6627
16011
5689
3542
18175
13131
11417
17941
11676
8200
2497
6818
5769
2543
13245
2348
8548
8010
9678
11770
12447
14859
8384
13251
9146
19498
15763
10693
7653
2765
15728
3108
8674
19312
4014
14195
18392
8765
17220
17729
14785
9265
14687
4401
9618
4008
1370
5728
19212
1423
9797
654
7130
19613
9266
477
11913
15671
385
17719
2960
10505
3095
14562
17715
9800
16286
16488
3261
11734
17152
6730
15449
2080
18388
7180
18701
7310
11364
1350
19594
6342
13405
5047
17357
11530
7297
357
4415
19552
11140
18576
94
2800
6679
7713
10608
1894
4246
10190
18469
9972
12410
6357
14434
9343
10499
9456
15114
11167
12080
7656
19368
18748
17559
18782
6626
5104
3987
13364
10232
5405
10238
11627
8964
14927
5647
10067
9838
13139
263
3198
5332
4538
4815
16143
18133
16882
18543
13656
16574
7418
12997
1215
13833
17749
9937
3818
14066
7958
1469
18096
18567
10617
10516
3364
15101
15292
19788
7253
3518
4203
7329
11532
786
9618
16813
13753
18562
13645
671
10332
16427
1028
4216
16717
3910
5574
8847
10238
14425
841
2501
11278
4249
15700
15438
8398
19663
5422
9517
3026
5380
18880
19064
19338
17395
12520
11475
14969
13361
11708
5657
18160
3643
10090
16465
6981
16148
7583
3219
16248
18082
17622
10468
7757
7733
4292
19089
9471
19431
19970
15874
19266
14787
4089
19711
18886
3348
13680
12498
13705
5799
6271
12902
3942
2816
5818
1096
2949
2720
12254
12608
8182
11035
5299
9378
508
15098
3157
6181
17445
6814
6714
524
15979
16723
9875
4138
10572
2459
6656
4204
1996
4767
15659
12427
2606
14167
12554
10088
13688
1423
11196
7195
499
14913
3996
3865
629
18047
2182
12052
11311
9844
6558
5758
11293
1798
9406
17837
2916
14166
18134
11538
10003
4780
1323
4884
17203
13540
7764
16042
6391
15680
19138
7786
15781
6965
6958
19188
17344
13910
14379
2663
18182
12177
13530
14489
1464
6249
18975
16927
12563
13532
7923
71
6013
5982
7838
1546
18909
12404
2037
12186
6375
14539
13939
5811
4736
67
558
1231
18002
5642
15886
14602
13298
13095
14784
10260
872
11936
18002
8151
4285
11246
8958
16000
16437
14138
2904
4313
7026
17854
19091
12373
17083
12673
16579
3327
6198
2721
4292
16502
8076
1820
5966
15079
24
7507
10598
17233
2021
6342
9031
8878
10976
13621
7298
6147
5810
639
17345
5711
8981
12611
15765
11080
81
10380
11165
13013
7124
19052
10784
12136
11164
16649
7007
1933
9848
5944
14375
200
15541
2580
17731
7100
13657
2596
2128
17957
16795
2503
5113
8887
327
15018
2026
3411
15062
13583
4927
18175
2598
8812
5779
15891
8991
9959
4521
3625
2384
14564
12643
4575
10188
19384
12896
1436
1475
15734
5756
19503
10176
2372
3283
7616
4739
19046
965
5091
19844
13829
8223
12745
15826
7376
8150
16150
1405
7203
7145
19241
5372
15149
5056
16398
12841
1116
6444
1129
11698
6224
3619
19479
4865
8511
12053
6298
14019
14288
8797
12474
10370
8292
14534
1278
18143
5745
9895
1923
6379
19460
6644
18495
14676
5105
4392
2336
8505
17759
13419
6046
9723
2879
14276
7208
17899
14813
14752
19957
8095
5966
14863
2538
705
19769
467
18953
9006
10546
16134
2844
13
3435
17904
1723
14285
17466
16555
9677
310
4925
11992
6682
9071
10138
9410
12635
4439
794
17827
14243
15017
14924
1629
12885
3043
16682
5753
11578
15999
4028
5115
9171
16529
1457
18939
19885
16314
888
572
6336
9511
3848
3455
4154
11385
8064
13832
6333
17769
11595
10854
5429
10963
17631
4686
1741
7702
13081
13248
15582
14829
4069
8211
11788
8277
1480
10885
14570
1002
19654
8598
853
15488
1390
12227
10205
6439
12346
5476
19496
9303
17984
6534
416
234
6182
12750
7962
3123
8637
8934
18023
9329
4170
9918
2203
5730
17081
18004
17990
16713
13671
5909
2395
15745
10036
5853
7203
12125
14296
15402
3947
8576
16351
692
16729
15257
8298
7661
11022
15874
8649
1917
16578
11458
13455
7859
12552
17487
7468
7687
12982
19937
18471
10911
750
5913
7895
15001
8143
14467
855
7794
12132
3248
8713
12277
2515
16585
7321
4385
11026
10646
4040
4428
19556
1298
16677
12780
15592
10272
17467
10444
13006
15288
5211
15130
6334
19745
18704
13466
16642
7608
14584
19962
17122
19106
2713
3366
16549
12893
2224
11013
8701
10260
11357
11825
5887
7058
14212
8554
4707
8932
17534
19914
2151
15504
673
3221
10187
9124
11822
18165
6943
13819
13673
2341
12614
62
11616
19157
8232
983
7599
8761
5398
15654
12773
2589
5125
5070
2058
12177
13905
16442
3747
12859
15128
1450
7266
12962
3974
4052
2235
9144
3914
3496
11935
18489
12929
8151
14315
7977
17587
5783
13667
11970
3096
5899
16086
18325
17452
19792
11845
13772
17822
13900
17810
9166
17274
2116
3021
15255
19984
12660
10554
9571
3048
15159
18808
5092
13012
3535
15325
1276
15264
343
6272
8105
4398
18184
14719
3766
13673
3807
10821
16586
11715
531
7053
11850
4551
14615
1594
14130
11134
1203
3013
5740
10464
15454
19356
11960
8436
4498
4789
13629
2538
5841
6885
17758
12530
7830
7719
6768
15220
17824
1864
16990
11469
13681
4429
7047
3546
4187
12269
6739
10962
14061
11473
7070
2905
19151
14268
2026
15396
7454
18472
2736
11307
11578
12600
14644
11345
8276
19760
18312
14147
10676
3473
4483
13591
8826
8518
4020
11470
4197
19954
3361
13634
13739
13419
6105
7738
9146
19857
11350
10714
6939
17767
9421
4096
14982
16136
5603
5322
11093
1140
12506
13135
19320
9776
1685
15216
19564
3524
15156
16161
16133
5178
7400
13941
866
11962
18514
2958
16460
8061
9118
11837
15611
9691
17637
14055
1604
5839
10603
19562
5970
7780
6578
5491
8839
10522
4345
14104
17619
19276
15969
16081
9609
4102
15383
7296
14197
15838
3091
17182
237
6444
17637
16835
4259
6884
14457
4958
5121
5678
2733
19793
726
1231
889
15144
12442
11088
1334
8636
12838
11228
5097
316
2366
8505
16964
9740
10614
19406
1754
9653
7749
18194
12344
4404
1794
7614
10081
11204
7333
15248
8210
12367
1303
8662
18917
16651
11461
12476
14648
17823
13197
458
4300
8579
267
5796
14922
17939
5119
2651
19549
10241
14390
2125
1797
13867
15250
15772
17836
17817
18170
9768
6373
4262
11768
2874
7269
15192
15355
11310
19411
1298
4792
13672
18469
11207
17302
19007
5159
9182
10842
11185
4643
19436
3682
12675
7681
5169
9791
875
14171
449
15681
84
9691
3081
14315
2288
15678
6572
1706
19843
3870
19320
11849
3198
15614
9160
15584
6795
16704
1384
19041
16242
8331
8359
7269
19909
4807
18881
8701
18063
18662
5371
6044
12665
3751
17051
9259
10953
17000
17222
16223
5949
9395
12772
16715
6990
6875
14027
5354
3442
11709
13085
19093
14683
5031
18752
4923
9513
1107
16201
13392
8104
14008
9485
3561
9605
7272
15025
15045
18541
7215
4199
12738
13130
10485
3164
19865
8629
6513
8018
4974
18856
5455
3450
18503
8992
12288
2983
4539
2802
17642
18948
3400
17390
6035
314
10657
8625
12093
6480
8238
351
5430
15183
13209
512
14762
12630
19896
17316
11915
3972
935
18569
6343
12270
2902
7282
10770
4045
2138
16715
8598
9571
16386
17937
3692
16008
17886
3070
3181
1518
3532
17305
13878
8479
7720
2846
2973
3927
13533
7883
3597
5350
7850
3737
15903
19959
16044
3287
4271
15557
1864
3814
1281
11139
8135
7387
19056
5341
3924
1908
18626
10867
13743
15950
17913
13018
14479
10507
8988
440
15624
782
5194
6239
8460
11144
8787
7557
19811
16367
19711
1762
15988
12288
16129
7349
12561
9005
7327
7713
15572
9735
9643
5881
9815
8460
6019
8355
19818
9497
19807
6177
19143
2094
3469
11350
13629
13196
12774
16730
14205
11507
7134
17527
4906
5951
6699
2523
1698
11685
6829
13148
7757
6770
575
18536
814
12633
9801
4672
18196
1442
15551
5773
15189
3521
8310
16021
2344
17926
8766
9768
17357
19318
19708
8347
17139
4241
19677
1605
5708
9942
19012
2296
3532
8859
8886
1435
13933
11892
3989
2774
12195
3593
9466
4486
12984
2393
12730
6213
1721
8991
10794
9585
5523
16036
13726
10338
9331
2221
14873
10169
12876
3918
8453
6430
14072
7470
5167
7805
14490
15283
6443
14091
12523
8826
7926
8200
19878
1664
12866
18515
7000
5672
6008
19721
13081
3520
8609
10245
6254
10581
5220
14411
9615
19379
2850
7451
18680
9699
13135
11499
5926
17481
18142
680
18015
5641
10426
3424
1345
9914
7982
136
1544
2879
14689
4343
12537
9256
6900
5437
803
15633
16779
1151
459
7719
13031
17882
4782
18265
9631
6995
9809
18784
3192
15221
15626
18165
9589
17291
982
1346
464
8915
16842
11141
10240
8238
14520
6354
14268
3904
13999
19317
8734
17835
8071
5951
12944
874
7930
11514
4619
9395
5832
5112
8826
1019
442
6148
11163
17561
514
15790
15826
13312
12510
16618
19188
16824
7787
13551
19508
4266
14986
19194
13395
12536
13236
16719
19664
10200
11802
3414
1190
14426
11812
8016
5400
12006
15669
4967
14019
12616
19790
18699
2705
12417
16285
1090
1187
16139
19216
15205
14536
15767
1036
8455
16195
13948
14865
8289
13392
10260
8197
3560
15562
18441
3690
4667
6395
12738
12640
5623
10154
11467
16782
1153
12864
15939
4033
1965
9016
12849
13812
1303
14399
18273
17543
15912
15695
11395
9994
14553
17454
16079
17044
17173
17073
18418
15536
17864
8417
18393
10814
14741
4691
3746
7589
19856
1191
4216
19743
12277
8577
14243
14705
7454
17265
2279
18030
6004
3580
14822
13786
15028
18299
13305
6395
5097
8191
11959
19541
16029
11199
14779
17774
14573
15875
19713
6436
17137
5698
8211
15527
681
18900
8238
3150
14895
4427
8903
4140
18795
4658
14800
19525
14854
5502
18214
12424
3801
4506
17292
6021
13210
17597
18325
9227
2994
15081
10251
5670
949
7523
9509
11628
11459
12136
3372
18527
10485
305
9887
5645
9972
16865
2525
18623
4798
11765
17704
19436
5381
14734
13269
3421
9080
13592
16089
9007
13505
6804
6869
15767
4873
10928
322
16408
4520
13565
8812
18341
6710
12443
7600
439
10850
11260
9819
617
1253
12910
9300
19857
17556
715
19368
18307
8937
8290
5750
9072
15234
8667
1701
5322
8112
3302
3488
6356
15396
1590
14346
18222
1679
11510
15035
14544
8366
12028
9129
13166
6234
7891
1152
14237
3671
17416
15692
15371
3704
13923
15614
9504
12929
11416
7506
1062
15496
15158
12470
6087
15242
7740
10390
11924
19130
11298
15810
2105
5085
16477
13524
2058
7383
18780
12034
11254
2695
12927
2966
17432
9928
5847
4611
18511
6968
18925
17667
7834
17478
131
11351
8341
10843
16667
7984
11328
8421
8729
4168
5393
19194
15043
16703
11203
17967
10779
11345
7710
9224
8465
2546
5430
9783
2545
2298
12428
13352
8189
6193
8612
10137
14987
14848
13981
4605
6149
18793
6438
4539
3844
4979
14802
4508
11286
12985
2639
16878
12213
19109
8531
13477
18369
16408
18435
11066
5621
8854
15711
3706
9331
7718
4494
15178
19611
8294
11997
14560
7092
15108
5385
8093
19815
13734
8854
10465
1889
17318
16524
8631
14531
5977
6770
1298
10106
7154
13637
7200
19808
15087
944
5281
5598
17501
14705
19930
17018
7651
19502
14365
3522
9843
14422
5319
2933
16551
14195
2128
16663
5272
11147
3369
12310
13222
3602
14158
4267
18012
6354
17233
12963
2426
8834
953
13362
11426
16593
17346
13344
19509
1737
13303
12592
16538
17931
8077
2619
10175
5594
185
18542
13045
2918
16859
3249
12745
8330
9152
14567
12835
10030
5838
16066
2926
8215
9224
2120
6000
5630
6007
17852
1077
12065
16282
4582
9357
18415
13853
11416
1972
5947
951
3585
17456
6372
10491
8173
7069
18381
18998
7847
16099
16231
3312
3225
19270
16044
4219
14495
18360
15417
10115
2930
194
11976
3832
2894
3093
16505
5756
4993
9937
6274
16363
978
15952
14172
11284
11033
9343
19306
12042
4074
12909
14649
5579
11669
4761
17406
15690
6233
6262
17677
19501
4091
15320
11083
12112
4057
13158
10957
12524
2144
2688
5722
13986
13029
6606
17104
11876
18905
3342
4781
12253
16337
8991
13103
14187
1757
3331
5507
9012
6206
8091
2258
9618
19972
15543
7128
12904
17725
15594
18648
8515
4788
19467
11559
17007
15173
8112
4078
10537
1987
3467
16610
19227
10853
10697
17534
16307
16968
9537
1681
5186
16412
2855
17134
1546
12337
574
5972
13613
6674
7066
14585
13715
17970
10144
19183
4240
15971
19793
2131
11157
13605
14740
4718
8182
6962
5006
12009
4739
3911
8557
15385
838
11972
10189
8404
1987
6071
751
1607
17275
6810
4862
11897
13734
9857
15209
12114
10123
17106
1594
16423
3253
10209
12811
7157
9963
17131
19519
18722
17904
12316
16198
4204
8218
1134
10350
291
3272
9190
17036
16145
2545
7160
6899
1840
19808
11744
5784
1997
4721
13387
14087
10242
1966
11376
3956
10104
11042
6950
2465
17989
19852
15040
18891
13843
15205
5269
4224
15144
3355
12829
1016
19826
3705
9877
11716
13792
8796
18050
3610
8602
13721
12750
18469
4997
8063
19804
5073
7861
13511
15135
2695
8253
253
8065
13692
18138
5297
18875
13318
13436
5815
11253
14901
11015
10663
10240
18480
15260
3186
6319
1055
19826
18438
16255
16560
226
7937
1320
3687
2855
15091
13527
9688
6081
14408
10495
8280
19046
17622
9573
19767
13767
19855
1848
11530
16201
8951
16652
6978
11871
11087
17219
1112
11688
15808
18085
10806
13589
13602
4873
17946
5636
9126
7091
13546
6166
3238
4564
961
6649
6929
18112
6329
12859
306
5126
14364
9998
19726
10641
17628
7384
6232
14545
17401
8334
18397
5550
4279
873
2701
2537
16626
14883
4587
13919
4997
1325
13291
15627
668
19155
3596
18363
16388
5562
7620
4727
17490
15145
19771
6861
11468
3676
7985
5216
14163
2034
14392
19085
676
15988
18500
9515
19126
17397
6067
5226
15393
2501
16740
12166
6954
2899
13623
17322
13953
4848
7878
7413
5620
2507
1492
13090
10164
751
1330
19276
6268
13186
7606
12250
4318
10971
9892
4130
15471
8104
13787
5353
16711
18760
11383
5788
10000
12338
18635
15113
3657
1818
12783
3071
14091
11072
12922
10232
16005
16742
16877
9893
19208
10307
17480
11729
150
15983
11393
7834
6309
10056
3592
11766
1554
17296
643
11223
10613
10054
15885
4982
10761
5693
19664
4714
8865
7956
17719
12314
11907
7902
10861
13361
9101
10045
19075
17330
13745
19310
3143
5200
2915
14431
6951
15056
3150
3425
13567
6329
223
6755
18248
13301
1146
3824
11476
8479
6528
8397
15163
6491
1410
8611
5144
9099
2691
17169
3080
1990
11298
7363
10911
3931
7189
529
10958
18938
15352
590
4829
12087
885
1276
14224
19567
1322
1683
16798
13630
14294
15759
164
13039
8679
11373
7209
19652
17346
4576
15809
11768
19630
4678
6087
14849
11655
15778
18334
253
12636
10358
14725
12603
5281
574
7941
16403
18423
2870
9832
2554
9998
1533
3251
5363
18504
6820
10169
10689
1059
13285
19201
5848
6189
13917
5688
11907
19462
15729
7424
8969
10104
12422
9180
15108
16715
19732
19148
9555
207
9108
10410
764
2102
5331
10585
9991
16300
3706
12756
11002
12448
12443
10818
16541
19045
15865
12356
12178
4385
4060
12196
8173
3487
4599
19742
9959
9119
1957
3222
17895
15059
244
3984
16897
9694
14894
3945
6577
8106
8911
19334
12512
756
19319
3850
9279
6895
9434
14357
15864
10823
12571
2246
14084
9134
2832
3582
10638
7049
18583
11165
13421
11987
14254
1635
2717
2485
6085
740
7897
588
7438
19886
10261
5852
19309
7109
2623
19060
11660
5583
6289
13801
1190
2794
16041
4025
1187
3498
13751
5684
9067
9600
1255
625
7236
66
13110
812
2894
14002
19857
1037
2420
10023
2420
18228
5935
5034
8258
5485
17703
5551
9904
18969
17968
14684
16511
5760
11858
7915
19029
10831
994
781
19644
11232
13413
1605
6090
15637
17436
12387
1484
17367
15109
10980
10282
19003
840
17689
10993
16744
851
19401
16283
2599
19082
14385
11083
12569
5161
10878
9329
18920
10071
2583
19959
14691
5134
14208
2794
8548
9949
179
4932
18118
4887
9618
18266
19920
13796
762
8762
4031
12514
17901
18128
11593
8834
13994
8476
3303
9540
12062
10633
17007
130
8505
6697
2512
12873
11454
7485
11755
8797
17284
15479
12455
9258
18422
13916
3347
2698
5567
12626
19168
2228
17443
11262
3474
19651
1229
10528
17440
11561
16764
12046
2772
3131
7676
17482
6827
5228
12546
7551
8097
10470
19235
11528
10168
3851
15503
7901
2278
13567
19041
6769
14602
17655
42
14637
6391
12084
19435
12205
15083
15916
15907
5800
4522
19155
4846
3060
396
8923
2313
13504
11034
19583
17188
4607
1672
2423
4595
14014
330
548
3750
8500
3403
4580
13341
10328
19119
14811
7581
1600
16959
5424
6038
7252
1187
16411
390
7303
16604
8806
11210
18982
4654
8873
17927
19370
18008
16853
15059
9175
11746
5913
17880
8254
19268
6915
10607
3534
11058
4632
264
19926
4421
1027
9332
14884
2322
11232
10310
7208
9458
7852
15316
748
3668
19207
3858
13596
10840
17145
1881
13428
1395
55
15246
9591
16519
6696
10729
2581
2233
6475
7702
1527
19446
1791
13585
10300
8109
8076
6231
12897
13591
7159
16336
18689
13414
19572
13013
18187
12459
11430
5671
9941
4771
1496
5286
9194
10101
4084
18226
18920
3291
13392
15739
13865
4636
4909
12220
18234
9352
19525
15405
7618
4264
5950
1596
15818
9854
7084
19050
17171
15778
5961
12664
5009
7990
16881
13063
16875
15585
17365
3239
7124
15509
6558
5846
17534
3220
5700
4285
6541
7483
6289
708
7742
17360
1574
4053
18273
19574
6981
11251
7703
14339
5120
14720
8051
7796
982
19266
15566
9169
2951
1535
4896
10784
15277
15118
6248
19050
17604
14454
6203
14557
17199
640
2766
9387
9505
2285
15317
19786
12628
14524
61
2307
11412
9326
11610
11558
16692
209
1328
7673
15376
14505
13059
11642
16974
16274
6849
16604
12190
13024
11326
13255
9215
9328
15313
17480
3341
496
19337
18327
5513
9400
17647
14471
5465
19590
11354
17268
15033
7830
3346
8544
7304
9165
15563
11232
17202
17659
19302
982
19149
15917
19142
16882
7418
16522
1129
19396
14805
8516
5845
13660
15253
12036
16989
6247
6036
14249
6080
13546
15151
9691
3929
9854
9519
18157
19486
13328
9637
3243
16699
17915
6300
4682
10007
9370
5018
7599
9086
13522
13748
1798
13481
14870
19584
14216
7743
13674
10003
7662
17706
19633
4315
8983
18511
10297
10932
19749
15025
12331
16081
12620
5254
13753
19585
6491
7403
5274
3346
3559
1183
18864
8142
1422
4005
1671
4372
3345
12685
13418
12371
19817
11274
5398
17922
4519
15653
9196
18581
17831
15507
13264
6461
1010
4309
15475
3070
14143
17936
9774
11861
1029
12540
15056
4086
14092
2307
4398
3606
2457
7719
2769
6272
16322
14954
11334
19491
10736
17037
6496
17626
1920
17381
11776
18828
19257
6329
10683
18949
6060
11337
18676
8146
12259
11405
2357
5803
12136
16398
4014
19401
10208
1874
19641
2958
8413
41
8560
669
17697
17476
2770
11353
7158
223
14143
19359
13833
16907
7605
7539
6289
464
18411
17910
5125
19150
1652
15643
13509
17417
12106
1995
881
17302
2575
11812
12949
952
18819
1226
11093
4901
19213
1173
14312
6734
17263
2357
6831
14756
15093
7282
4505
1297
6035
14984
3129
10272
14449
14078
1790
19626
10885
9752
4384
9283
10736
336
12418
15233
14478
9057
12236
375
17647
6623
9772
2738
8660
10247
15971
11718
2624
14745
16005
12943
9228
1327
5396
12393
2881
19707
6184
412
13189
9163
6247
6218
3914
14161
14929
3552
18531
183
18065
18080
517
5363
5556
17185
6486
13582
14597
12760
302
4622
1710
17633
6296
7022
6678
6260
9708
9255
1518
289
2479
14841
7629
9638
2523
17043
14218
9702
4596
18750
1144
5327
10896
13180
19304
2152
19513
11038
11680
15970
18853
9728
8171
723
6170
10277
17350
5745
18313
17569
8248
2894
12843
9525
5311
14194
7604
10860
9644
604
16917
17026
9660
2550
12480
3985
14285
12836
7141
9417
11813
12567
9631
1007
7559
10697
8403
17426
3413
17846
12706
17624
12452
14990
8992
4081
11702
7666
823
15618
6192
6300
10360
15410
7426
3308
9589
9814
19389
7565
19395
3646
15219
6889
4613
7526
17672
19158
3180
2925
6493
2683
17519
517
5834
6465
6263
17496
14833
10956
4468
9447
14475
19960
10421
2421
13883
14287
7171
828
9132
7788
16924
16776
17739
16404
16400
16478
1932
840
11304
9358
3842
13505
18012
15473
5725
10330
10618
16886
18361
18093
1456
8601
10726
17878
13215
14704
4093
15296
10796
5313
3658
18081
11002
19985
10845
11702
18222
13180
9389
13599
4206
7434
8334
16684
68
9841
15077
2725
18645
17489
1569
16230
15325
7460
16807
19472
5488
17030
8743
19269
6661
9681
8731
6143
3529
12573
1632
16499
3930
1074
14714
18415
3942
15983
8472
11716
10197
9093
2470
2911
17553
2670
19363
5646
10242
18530
202
7287
4608
2294
14150
12266
1586
18468
15744
2801
7030
1969
12817
7634
8003
1727
18206
19396
3192
1967
8381
11224
15531
16829
2108
13277
5183
3919
2277
19744
10996
12440
14021
6992
18566
11517
2249
13471
3020
14333
1714
2003
4652
3723
2748
15076
5541
14832
5788
3772
5263
466
7813
955
3831
14771
13819
19335
9993
848
16466
5052
3001
17946
17001
7380
5981
13845
10606
15194
19031
18065
9282
825
10172
1513
5393
1914
12274
18207
9006
1901
4084
14690
2142
19780
3479
2770
3059
9722
11072
1198
3715
1224
12299
1925
13502
370
16098
6547
12408
2871
18318
8574
6713
19468
7989
7140
10346
4364
4554
7793
5035
7264
4212
15971
2370
19697
3484
18797
906
16203
18132
833
1429
1037
5555
9385
13508
1007
8782
15020
16469
15059
10200
2895
7902
1257
13126
531
2829
11766
19357
17659
16672
16467
827
3766
15123
5827
13480
18953
4064
13662
11510
3742
2640
10396
10057
3455
12631
7459
14529
12785
7228
3444
4625
16191
12363
12642
11234
9736
3685
6588
14288
19996
12339
9241
19735
5660
2653
16419
3727
17460
14863
115
2166
2039
16008
8328
13722
5388
12105
1020
14456
1485
4747
12835
12164
1747
5238
3197
18587
10935
9384
4419
7572
5122
6085
8444
17366
17360
2835
2844
5108
6668
1257
16698
11689
15964
5812
6987
5089
14567
18791
6110
305
10892
4716
1168
4014
10975
17294
5624
2083
8428
12021
13975
18063
1479
17583
57
776
2699
9169
9598
9130
17050
16824
7675
12291
13881
11962
11651
13324
8495
5174
10271
14447
18903
18448
19500
11994
13410
4923
15747
19248
14641
19315
17098
5239
15635
12130
13185
7647
13635
10783
14306
7929
17204
769
432
6807
12280
9988
723
8217
2802
9365
4174
9873
11535
12881
12018
8552
16714
10140
12517
18231
10128
14613
8753
9202
12282
649
61
6282
10251
12426
7712
14264
13854
17920
5483
8700
15773
11048
5733
181
11243
15100
1612
10201
2937
10579
16031
6759
6672
589
18008
17807
3563
16881
17030
10679
14237
19688
16040
15614
755
14475
13690
1517
11849
18732
16465
2058
17102
1925
11332
258
5698
11737
19504
9675
15377
9730
1973
310
7197
9535
17421
7374
11750
717
3146
11022
2443
11420
19605
5198
1481
12932
9235
3698
14163
19285
10141
1591
17128
5025
15300
113
16172
14263
17894
13164
19252
4147
13403
3529
324
15870
19082
6958
19615
16340
1441
12211
15968
3643
12362
15214
16885
19421
4472
15441
1893
1281
6399
12637
4844
18381
8540
12035
10795
3289
19950
16159
13082
3271
7007
11360
6215
4111
14440
7207
209
9594
19382
16846
12002
9780
19042
16469
19552
1194
2645
12003
14265
12052
8251
11158
17362
15650
15079
8940
15821
5048
11967
4780
3513
12163
12593
19376
3154
4398
18071
9396
14710
1948
17559
8156
5865
8878
7502
10392
10189
1126
129
9270
8626
4548
1835
3740
19921
6114
12072
4368
15631
11403
3365
15769
5314
11511
13098
3771
7554
12500
7675
5425
12419
10498
9688
9992
10998
5610
8723
9039
17630
17720
6419
3750
449
17352
16414
7597
5886
14680
9796
12483
12729
19837
6686
16495
1383
17631
4580
1369
13951
9807
4076
17817
10763
7964
2609
6834
18969
10274
16811
15092
18831
5100
4138
12576
3334
14666
4376
10563
16747
1882
11656
8076
7745
13462
17599
4951
2738
2460
16223
9614
15006
3335
11226
19723
15294
2690
16289
3782
19470
18793
8998
1856
18876
13019
9032
13508
9005
6320
1233
11102
2117
3875
14179
6563
19436
1013
14899
9755
8526
13562
10336
6578
1503
5728
16199
14916
19688
18646
3818
6566
318
12716
5641
13261
10974
6851
9974
4929
7308
7767
5622
18300
19736
12442
7019
3981
4678
16850
505
10150
6016
14124
2357
10958
2357
15250
9196
17797
5747
15427
11413
1536
7457
19214
10220
3862
16456
7597
8962
5848
6220
88
19307
11869
15468
14991
12954
16998
18479
958
19461
16004
10606
2961
842
2075
4602
15794
3541
13389
3399
8251
18414
15671
4952
11085
9343
18842
4782
11884
1116
15899
11838
9985
7175
2146
3302
14553
7886
2902
13967
18949
19934
7811
5814
14511
7477
19874
13399
16877
15686
17342
10694
7965
17286
16574
14997
6754
12741
14006
13535
11963
14685
15341
8386
9788
17239
10093
5352
9786
846
19610
2398
2056
13220
16688
3287
18838
17072
4929
12034
13640
5204
15931
13810
1038
13621
12471
17910
10266
13270
15783
8421
15710
11040
5057
18212
17452
637
7298
11859
14972
13986
5661
13152
7142
13737
4380
2796
1630
17561
18433
1919
6849
14796
6054
7048
9564
6135
12216
12131
11295
6912
1231
3275
6625
4677
6556
1790
16555
11632
15971
1185
18
2583
219
13734
16690
19030
3253
12234
4200
10003
2210
2590
2896
10289
15236
12835
11264
6668
5286
14229
5140
12773
18028
54
3835
3220
1972
17719
16301
7610
8950
19820
10457
15043
3076
9772
18811
9767
16301
7624
3487
8583
18705
11707
13798
631
1627
1723
19481
186
1784
18897
12722
13084
4482
8841
2090
7416
14064
2721
11519
9085
9697
2379
7446
12892
14645
5023
7241
9742
17143
13110
12055
612
10989
5058
17197
17898
14001
12388
3187
4779
12436
18951
590
13203
9522
7845
11767
11135
6215
11647
2664
19694
12297
11601
7766
10784
15968
1365
1340
5874
10021
964
18091
6522
2760
16552
16358
17290
11757
11632
6975
11665
8596
5334
916
1610
12705
3397
18867
1377
2435
17470
15815
6200
1466
18350
3826
16499
8709
18806
6094
8208
9804
11580
5410
19875
18338
18227
174
17133
4921
14382
11064
5183
2240
7113
11499
9912
4212
9957
5015
18262
7357
11287
2675
18491
12537
1615
3657
10937
15159
15473
12112
9911
1985
13480
13450
7354
2669
244
3161
18876
14140
3691
11301
2800
5973
11481
15761
12839
4846
10108
7462
15037
6239
2324
575
9580
11473
8511
10917
8129
18231
7621
15630
7278
2681
3308
17274
8769
1324
10888
5462
7094
10690
10734
19154
15106
13021
3755
2750
8251
6041
14556
19085
18076
4967
17927
12467
15604
14862
14277
4888
15228
1467
9631
18508
19728
18637
5835
7571
17055
501
16570
12841
9489
16470
14813
1719
5816
17236
7378
7139
17126
9850
2136
8384
6873
10048
3572
6931
15826
9915
2276
476
12511
9031
14008
8233
9805
7221
13957
10654
18270
7019
1827
16691
16885
4005
3356
1715
11773
13096
3916
9227
3572
8955
19805
19486
14053
8616
2857
18172
12633
14468
3999
8215
13383
5714
11381
17913
3178
16424
8695
8462
11601
8327
9320
14029
3232
16444
11913
17486
2941
15705
13063
14934
14819
6661
2647
12141
5362
8430
17505
6018
11539
16986
19060
14262
4371
16930
10505
6285
8640
4866
19192
18558
9356
12494
19835
7496
5606
7561
4161
3003
2412
789
12635
15810
1226
16900
13869
1725
19672
17874
7365
15923
1181
16552
15197
398
5128
8720
18261
17708
18111
1790
2721
14131
16970
8217
12283
5359
4206
1755
11904
7860
6401
4700
18575
9028
16273
4226
4804
19240
8980
5957
10411
18967
13320
2881
8276
4031
8435
7747
19652
2169
6635
7064
4677
3994
13002
4818
3701
1510
2358
14052
15066
17278
4250
4417
4951
17384
16566
3821
14910
11311
18408
2312
2741
11853
2847
16308
2285
18193
192
1304
17810
15277
12380
11181
18580
12586
9137
12243
9249
15463
6512
10101
1701
12100
18424
17542
3954
9303
1837
1490
11771
189
6203
17199
18579
16911
7773
7796
9338
11542
19429
17304
13988
18268
16641
15260
6076
19970
10185
1062
2214
12363
6243
6175
7983
8796
4512
2302
5902
18831
14942
13663
11094
3751
3737
1500
10273
2094
9235
18932
9676
8360
18299
4288
7567
18002
3836
11042
16934
1834
14080
2473
14006
2976
14252
9175
18216
19462
11233
17551
19238
5643
1864
7398
16713
15497
15508
6726
8297
983
11497
1927
11661
8554
2080
11420
16052
6965
1510
897
9052
9493
11882
8296
14162
3692
6364
16625
4827
11816
426
2765
10529
15035
11707
372
584
4553
19136
5009
1250
12780
1946
19619
11785
7655
9177
8491
15072
3267
331
17819
8449
9884
7775
10978
10343
16528
1528
16673
8366
9204
7058
18047
4467
17930
16704
894
2792
15670
5371
9108
15856
2316
11094
5468
14659
16822
11116
5916
18383
10643
14093
5424
9271
5571
19069
3590
8336
9126
1821
8096
17510
10595
19218
4124
3870
10877
12211
7893
11546
9225
18084
12407
16962
43
12581
3563
13024
2836
12551
14735
17863
18453
19716
17955
13787
14744
16199
19829
12050
14753
12442
291
9063
10585
18123
2351
9680
16047
16710
10925
3175
1218
14270
8916
7544
2042
3168
8615
7745
8106
11262
6613
3519
1684
17243
283
12395
11213
2723
14016
3523
12300
1716
13284
7949
19392
18114
14702
964
1240
11807
10172
2141
3274
4053
13267
8698
10017
2742
5961
7811
10662
18150
13839
3480
945
9842
7899
3614
4420
15327
1096
2915
6284
1094
17724
7222
2862
6657
3782
14915
19878
2233
16437
1024
2646
10681
719
19650
11296
14317
11563
10335
4163
17244
9329
4001
2471
3809
6921
14089
19426
3821
16642
8513
6846
5151
14885
8057
2464
4342
12817
6851
11008
15845
11152
535
2209
10524
7157
17747
18833
4031
12008
556
17890
5698
6623
9461
18124
8562
14094
18593
16921
11138
16849
16728
9754
11587
16667
19757
15293
4885
5661
10213
19304
3625
6373
9505
464
13080
9089
18464
11208
1145
4508
11840
16751
13790
19886
2366
5388
16645
16784
18
13217
13338
18540
2095
16398
1227
5594
19747
14069
15126
6791
16568
15064
19678
4781
4891
11537
971
3649
15398
12625
18048
16900
5676
1278
4924
3908
3346
7373
3726
12985
9387
255
19606
19159
17277
13795
18021
14815
13581
7136
15034
1309
15610
14210
1237
19680
11779
5179
9944
8596
274
12913
10253
7645
11677
7627
15627
14104
11156
12816
8601
11315
5845
5596
12252
16779
13059
14587
9046
8106
14934
18464
17696
14943
15156
18289
8657
15003
3375
6766
8871
2313
2940
7526
16397
5830
7583
7583
15552
6514
2673
16076
13188
11018
16663
12429
6710
10095
18352
17040
4499
19865
5609
7648
9330
14046
1149
14476
5421
5303
1012
17299
19749
3810
11369
17542
18242
11168
19259
8551
7480
17804
12906
17139
2530
1962
17235
19568
11539
18430
193
5046
17708
15116
15532
9907
9276
5595
17654
15568
18134
15762
14149
13404
17700
12719
11661
9667
677
13996
692
13563
7312
5263
14983
1615
4797
4639
11082
1452
8424
1729
3742
8123
5122
9510
2756
16087
10000
17192
6865
19987
16528
2187
368
7332
10972
9301
8038
16230
11714
15275
13999
1278
4076
6805
158
740
11282
10168
9851
8143
12175
564
12286
1410
6317
9320
13455
12658
17093
17065
9100
11782
13460
11007
5378
6958
936
14438
2851
15184
2491
6591
9417
5977
19927
972
17813
11373
16405
292
13310
5330
10727
16130
7235
5675
3992
11447
1934
1712
9271
14067
2800
625
4910
19277
3012
15785
2090
9639
16572
10108
7271
10158
5312
17567
10142
6928
15451
16000
17710
7379
9356
14328
5139
10250
8127
7309
3973
3413
10618
972
18374
17675
4534
1814
9986
14680
15226
12937
2055
17039
7800
10207
3440
18812
8173
1582
3125
4464
18703
2733
15865
14423
14010
12073
9594
5370
12622
18330
15209
3370
10058
3780
9369
17992
8992
16273
10919
15520
12105
13167
1579
19396
13258
10310
11513
16015
12613
19177
404
13994
11323
5304
14664
15042
11417
11130
11404
4560
16506
16378
9778
91
18933
19108
346
5745
8994
10548
13065
10727
11857
6849
14533
93
7796
10870
15126
15854
1372
7135
16633
16558
15191
3076
1027
13478
13847
19687
11002
11517
13690
4721
2877
12976
4042
11549
2521
12286
15481
16813
4906
19859
814
19984
7916
3140
4385
17967
1043
3040
5314
17864
19589
13822
10313
1034
4998
4600
1696
1558
1949
10562
16211
12249
12833
12048
315
1323
235
9595
17520
12866
18048
13095
13435
14200
1848
13171
14127
3305
19151
12911
3430
19396
10177
8075
14818
9788
19744
13901
3484
16181
10928
6643
14229
13479
1096
17958
10802
4276
10953
10272
2304
2130
7222
11240
12302
6746
9577
15443
6244
4213
2462
11430
2832
15387
2424
2233
4961
5573
1561
17499
15858
18619
17750
5328
16032
8554
12241
1980
6679
11877
5267
7545
15151
13651
10286
5727
8125
10499
17474
15842
8085
3646
7116
15181
18759
5121
3483
19835
15122
10249
9866
2138
3587
19562
15348
12817
8029
3239
13967
6014
7249
11220
6892
15268
19502
2104
8220
18610
19734
13960
5038
875
5122
10182
12373
11377
14578
3504
13634
5047
17805
11303
7205
5185
19566
5322
9783
15929
14757
8927
17102
2583
19937
5026
12670
7917
16926
7786
5131
2570
14089
1254
4890
17677
956
18026
621
17856
1776
1068
6279
2659
3641
1844
19246
14634
4817
17838
239
2110
18877
2633
15594
14837
298
11638
12565
595
7114
16619
8250
912
6272
12133
2777
14006
17310
7005
17375
3079
19967
3971
7947
18085
1385
607
14783
9102
8485
14674
19025
19433
1176
7000
6518
16551
12006
5028
9669
9030
7883
153
7934
7568
19492
1973
17572
18247
14031
2576
11271
6134
16892
13995
18291
17366
17916
11954
5735
17835
7840
9018
11577
16593
563
10294
10076
12124
6864
14788
197
9573
15177
15559
17664
7092
5082
1774
1270
19407
9094
15816
14072
16731
8414
8548
10090
7167
18240
5869
7145
697
8279
9683
16453
2912
14077
6406
9592
16580
4797
6141
13491
19204
3063
5635
14047
14667
2500
18163
18995
7121
18599
3430
665
15209
18523
661
9246
14777
5486
17963
17184
8185
3320
1108
5338
8336
16878
14854
11516
15569
13859
19929
12016
15523
3732
18806
16815
16097
19327
13390
8994
11647
16766
7747
9063
12528
19333
18991
14788
8113
908
9471
17144
1414
14611
3356
3043
3436
2250
778
5423
5366
10227
12622
11364
16759
7503
9116
8823
7813
11273
5332
2638
3870
15947
16721
405
10276
11083
7822
18869
15713
3888
7253
11445
12130
11921
12117
7501
19408
1608
14946
4014
12869
18200
16317
249
1765
2818
16242
16053
16870
2172
7489
4425
15297
6614
3931
18952
665
2137
7059
6768
6743
11929
3795
7631
2700
13147
18703
9772
8074
4485
13750
3114
15603
10207
18731
512
10017
16244
5479
7611
950
3979
8988
11976
18064
17367
8581
12092
6531
8984
12236
16887
10993
663
17208
16370
6116
4308
10052
14040
1881
18543
19204
1674
1717
6799
3210
7120
1618
12473
7750
15729
8358
16779
14579
16038
4928
14928
15501
10339
1337
16240
14510
757
18878
3843
11225
11457
5998
19550
8729
17615
13898
9569
18952
1767
9986
16654
8724
8164
17297
14323
19604
15764
18024
8781
4638
485
9274
4146
15144
7330
9170
16643
662
3029
1438
13349
15209
9810
16588
1143
12921
10933
17824
1473
6260
8595
9810
16571
9866
4859
18405
2737
3214
6197
19505
16315
15167
2313
5109
7995
3589
19827
4741
11058
13101
1481
10338
19187
4144
11474
2755
19483
16443
17551
7979
16292
19
10483
1212
11480
16859
11545
6920
16781
6376
8634
12980
3841
17792
11644
7069
7574
2541
7718
13387
8472
9858
7018
17869
9486
18640
19617
19990
13091
8733
14156
19309
14186
4746
18881
14843
14430
15545
15689
5444
13649
2515
7807
9257
3942
19763
11724
10412
2106
19329
14016
11071
6002
4590
3668
16944
10501
4934
533
14415
8612
14854
10556
7385
13442
10584
8364
11976
6599
7394
17882
17205
8657
10678
11572
9765
17326
3956
18927
11021
8939
6907
4859
4378
8887
6580
8583
1105
6612
14884
3642
2770
816
15494
9685
8404
10472
13297
16632
4511
17289
9501
11840
6057
15247
15538
10910
6559
12825
8872
2749
5405
3549
3853
9509
10522
10489
735
12042
4515
324
5978
1487
12424
12600
6968
7604
19187
19811
14278
4510
14972
3927
14587
4402
16475
4988
7393
19929
2321
7398
8638
5812
10699
19532
14373
354
17338
12299
7587
17449
1967
12267
1324
9736
1370
14982
1213
13498
17181
14119
543
15949
16510
12063
10995
15535
13562
7572
2164
15858
10357
6127
13004
3863
4661
8613
8295
12906
3289
3932
3294
1333
8873
1195
9658
7186
18228
7111
5794
9675
457
4185
4735
18024
12897
15376
2695
18331
3047
10815
1401
19057
14596
2221
7346
5775
5674
640
1073
5803
17463
3125
19637
13344
1275
3989
5341
15753
2238
16254
3898
11571
7710
18918
5119
936
18533
15667
9283
19004
11282
661
12277
13004
9595
17013
12665
13544
12748
3588
13786
809
19570
15744
4024
16264
15836
15654
8359
482
3271
17809
14339
7744
18262
5354
5588
18008
18445
2861
5977
16896
5244
1176
7589
4307
534
19961
5587
2292
5516
3554
13139
2811
19947
15778
19487
5994
9849
9318
4320
9542
1818
15296
11555
19880
12061
8656
15657
5692
8279
15012
3624
4472
12536
14554
5759
2697
3220
8647
18364
267
4238
4762
11461
19821
19557
5341
4683
11564
1227
16239
4462
14227
8999
359
5611
2788
9676
12108
10469
3563
14311
18297
8691
7323
1385
1111
10836
1032
4082
8781
18871
8841
9796
9561
6705
2977
9987
14672
13895
15125
8510
5794
5643
8956
6556
12770
2194
4401
12305
17122
10790
14320
13441
7015
3274
4165
644
19290
12493
15291
176
14193
10609
2510
3699
18425
2451
6542
13447
2135
17030
11958
10864
5488
10350
11273
6857
424
2619
5782
1767
3235
3012
3789
13192
3596
5093
6839
19790
5659
6027
4582
19183
6844
12704
8898
8083
9951
7902
7904
2776
14220
19620
10465
8079
953
6693
1846
12897
19342
3822
1113
511
8107
19151
921
11715
18590
7493
311
8927
14909
12362
11136
19409
16815
19907
8750
5704
865
17889
7574
1436
5541
2822
12174
569
15943
8406
4470
18292
13668
18369
17704
11607
7524
16848
17790
17782
10673
19443
2671
18781
19858
18045
310
9783
2315
2594
15939
19948
6014
12864
9191
3511
18838
3419
11739
9375
12337
14852
6063
7286
15675
14447
15990
18750
15398
19371
9597
10795
6649
5538
5135
704
11448
15249
584
9863
9677
6766
17462
14822
18372
18908
19519
13717
4974
13817
16937
16162
10141
11013
16671
14747
5757
15870
9531
6264
3765
15612
14666
777
1443
5997
12044
6676
18748
1772
3566
9829
13358
14050
13441
14962
9038
7724
8443
7388
2940
2048
8674
3218
7484
7503
9461
6168
12434
2076
5010
19093
2786
86
14449
8378
18107
16666
864
9298
8948
1036
3987
10486
15943
1695
17124
5625
7235
16641
8978
10487
19848
11771
975
13461
621
554
726
17668
12352
8129
2238
2810
746
12935
13520
4872
7819
9014
2186
1797
7367
2091
19703
3265
8138
2578
14881
12694
312
8615
17260
19601
10938
2268
997
10430
3933
12030
9888
15989
10283
4718
14149
3610
4058
19927
19579
12158
9879
10136
19726
18027
17447
19607
11696
10221
8777
5200
6211
2680
13743
12222
12553
1942
19575
8445
9015
18290
9923
9412
19489
18501
19120
18154
6803
8315
17257
12451
3452
2762
11715
2751
10324
12464
756
13884
4072
4036
4818
13687
3735
2715
11126
1668
17243
15346
17247
835
18434
1831
9223
5814
15198
13195
19885
10379
19384
4371
3004
7526
19088
19832
8878
5205
3946
211
16984
10844
4063
8014
11343
7789
13200
559
14184
16782
16845
8275
3570
5595
15781
6467
10585
19969
5809
18690
1723
18954
4202
19849
2086
7792
3564
17143
5045
11466
3683
16997
3952
2035
2025
16087
11561
2885
13480
4595
2767
3018
19995
19817
6282
4507
712
18239
892
16239
3242
4230
1905
17069
6691
3446
13414
1517
17079
19094
12018
11131
5751
19172
17600
4630
11439
12810
16806
9972
16569
3833
14849
11454
18455
19683
1248
14979
6002
3813
5148
4608
2539
9682
5826
13536
5412
4483
14024
2592
2958
709
9724
9418
19490
3716
11995
1427
8912
13364
6534
15678
7591
7906
6527
18796
7115
8211
12457
10042
17557
10477
6481
687
1871
5540
7006
12794
12048
12905
19076
10533
7651
7639
6214
7172
7367
8230
19331
847
14176
3555
8329
2254
4793
7072
12025
7372
3987
16361
12022
18354
14404
6148
6149
5712
2531
12921
7092
14907
11409
19286
1858
10482
735
16157
17666
863
4972
10942
9924
16941
10086
19813
17899
7576
19547
12216
3692
5136
10208
5722
184
4197
8696
19365
3529
6543
8937
3570
15854
15563
1429
14820
13779
13206
14909
13164
8380
2586
1022
10705
12218
9379
2625
9194
19076
5145
16349
14846
12003
5667
10040
8505
5307
7479
5713
19292
16127
15664
8635
19854
11187
6076
13169
11329
4378
15097
5997
16182
10783
59
17356
6995
12778
3461
899
9379
3820
4086
12822
7096
5554
8170
10872
7546
3880
3732
3856
15722
19574
11187
12293
14765
19112
13383
10812
1260
1313
18170
12951
13362
5429
16630
8941
19916
16300
10109
17138
8673
12212
9151
19714
1725
11070
17474
3217
16309
517
4112
14655
19066
7623
16847
13704
11924
13774
50
11669
17683
10372
10067
17846
3479
992
11266
3867
10196
5597
5871
6701
6006
12461
716
895
12117
13400
4033
712
18879
7957
15403
2763
368
12155
2004
9788
5571
17443
4263
6174
14296
15466
4056
5881
15930
14275
18562
3351
19186
1614
12919
8067
10935
900
14782
13364
12280
15517
3925
119
9968
7065
10
5958
11291
3175
1643
588
578
516
19837
17887
5418
18630
19027
5383
10742
10205
8739
1734
8864
3419
19052
2844
3641
1987
2974
7241
16848
18519
18854
1327
14915
6830
15968
15144
4125
8812
16375
9274
12434
1513
16210
3492
5997
28
19498
7800
18563
1833
7641
6480
1833
8203
17692
15763
14928
8305
12543
5775
1081
1632
16151
7348
9679
4366
16931
14348
11786
15322
12435
2141
7260
7080
18446
12798
11604
17943
15610
7709
668
10337
16738
18181
1320
11283
7888
14681
6228
562
6366
5338
861
2202
8769
4320
849
4912
12185
725
7813
7083
1684
8605
1798
11985
7232
8740
18435
8787
3129
2810
8956
5017
13124
10552
11178
6102
14311
10578
9596
7590
2944
15425
12698
15704
15288
1505
5637
1834
6633
4552
6372
6602
1607
1212
3416
19126
18883
7379
3311
7096
3447
13927
5952
3302
9519
10435
15885
4228
7260
17562
7713
6349
16402
18660
13726
15736
19910
11291
11878
16619
811
9233
2251
14508
15313
15630
10108
19523
5336
17897
3679
5532
3581
5010
4805
10741
14268
17796
542
15353
2658
12863
13884
1921
16492
10790
1702
14023
12466
9191
18036
18882
10874
11295
10868
9556
11539
10653
10491
12321
14156
2606
17611
14881
16172
3137
9289
1013
11341
5724
10878
7294
2053
16838
12041
7513
8589
686
15012
411
8409
13843
13197
6363
8605
394
8261
8626
4646
8201
3810
4791
8530
16939
3801
4053
19487
18505
13804
15919
332
437
13245
5993
12617
12969
16738
4459
13695
10346
12662
2877
8819
7009
17072
4926
1412
19306
11096
6722
14617
13317
19932
12329
7274
9457
1571
86
17418
4441
3375
5385
16461
1274
14620
15519
7149
7863
13157
2218
8435
14892
14290
7517
400
13578
0
8559
12326
3934
16662
16975
7065
14171
19349
18454
4824
1843
10869
8139
19481
17395
13650
7465
10574
701
2606
18063
4071
11250
17104
18372
5061
2570
151
18555
15480
1561
2941
19378
3
3309
2875
10639
13223
2055
13182
14813
11244
8907
12265
11500
817
16941
10904
8333
9138
4311
5431
13942
7430
15986
15008
18628
11448
14754
11130
18341
12014
2096
17483
7621
18728
19582
8275
17095
9953
11389
3171
1175
12223
18584
6955
11579
2194
5781
12037
2293
14250
10817
11947
1600
6901
18055
3926
16820
11097
5939
8736
7348
13582
9447
5838
11654
18407
8032
12027
3847
19738
19718
1687
5437
9074
11933
16761
7913
10003
9739
4572
11770
3629
12062
11632
17604
17780
16561
11538
14907
3135
3749
15103
4174
9386
999
842
17963
4572
17062
13920
16525
10692
7709
11722
3618
18736
3139
4129
18162
16260
17765
6660
7316
10620
13010
14588
16645
991
13736
16149
2970
2312
8929
12990
5543
14257
17268
5957
1166
18381
8201
14371
18884
16547
19158
6893
19866
13772
19512
12130
18113
18608
1936
7075
7609
4192
11753
11543
11542
3081
14937
6691
19218
19004
15353
5780
6303
8648
1890
15271
4000
16616
16102
14418
12803
16666
982
11445
6448
2371
1486
4461
1677
312
17449
5216
19450
8941
19507
13849
13236
16224
8646
2720
9985
19213
10017
17481
19429
18638
1627
13495
17329
11683
8544
15727
18289
16032
3226
245
3763
8345
2620
5442
889
10264
2633
11107
17766
5085
612
13484
10795
18217
6468
14415
9727
4563
13043
12729
16019
15932
6369
15966
144
11615
6429
588
13470
5257
19060
18787
329
11135
9600
20
5912
2982
18934
5399
5608
8469
12534
3050
11412
12482
3135
2583
1029
12307
17679
16782
5296
17858
9126
8647
19558
70
3786
11917
14602
576
4775
3189
12792
5803
2235
13768
5031
18606
10932
19365
14154
10565
5864
15775
404
8069
16504
18654
14597
15321
10296
15523
14609
7371
6037
8123
10811
16329
7768
13252
16064
3848
19792
193
5924
3037
13459
12880
4658
2903
6323
14905
2705
18465
4318
5512
1212
19649
7556
4684
9265
2104
10391
15461
9433
13051
16365
1607
17266
15300
18654
8759
10361
2561
6655
7169
12619
9151
9332
4177
9328
7265
15935
4542
18687
14890
4736
6737
15406
7521
397
13353
11992
16784
10587